0 162.95 472.28 1727.74 1727.74 1151.35 4753.04 3461.86 3658.88 2091.08 1823.66 2318.39 1532.42 2418.63 2536.58 5374.14 5374.14 5591.1 4410.32 2955.6 4240.78 5076.06 5281.74 2641.89 2838.16 2718.57 1708.22 3317.7 4670.26 5024.2 3147.45 1552.29 5689.55 2458.48 3317.74 2918.08 3176.4 13.86 3784.95 3157.83 3927.17 3518.53 1125.53 1079.03 2400.34 3797.77 3905.24 2946.34 2022.17
162.95 0 309.34 1812.06 1812.06 1235.67 4837.37 3546.19 3743.21 2175.4 1389.26 1883.99 1462.12 2348.32 2466.28 5303.83 5303.83 5520.79 4340.01 3039.92 4325.1 5160.38 5366.07 2726.21 2922.49 2802.9 1792.54 3247.4 4599.95 5108.53 3077.15 1636.61 5773.88 2542.8 3402.06 2847.78 3106.1 176.8 3869.28 3087.52 3856.87 3602.85 1055.23 1163.35 1965.94 3727.46 3989.57 3030.67 1951.87
472.28 309.34 0 1645.16 1645.16 1068.76 4246.25 3560.03 3757.05 2433.07 1264.74 1759.47 1352.46 2238.67 2356.62 5194.18 5194.18 5411.14 4243.13 2873.02 4338.95 5174.22 5379.91 2983.88 3180.15 2635.99 1625.63 3137.74 4490.3 4517.41 2967.49 1894.28 5182.76 2800.47 3415.9 2738.12 2996.44 486.14 3702.37 2977.87 3747.21 3616.7 958.34 1055.89 1841.42 3617.8 4003.41 3288.33 1842.21
1709.73 1794.05 1633.78 0 0 674.85 3887.56 2653.66 2850.68 3345.65 1534.06 1573.38 2993.86 3280.48 3398.44 5391.24 5391.24 5608.2 6099.06 2090.11 3432.57 4267.85 4473.54 3896.46 4092.73 954.39 454.12 3251.18 4603.73 4158.72 4009.31 1573.3 4824.07 3713.05 2509.53 3779.94 3193.5 1695.87 2919.47 3174.93 3944.27 2710.32 2814.27 1079.27 1294.61 3731.24 3097.03 4200.91 2884.03
1709.73 1794.05 1633.78 0 0 674.85 3887.56 2653.66 2850.68 3345.65 1534.06 1573.38 2993.86 3280.48 3398.44 5391.24 5391.24 5608.2 6099.06 2090.11 3432.57 4267.85 4473.54 3896.46 4092.73 954.39 454.12 3251.18 4603.73 4158.72 4009.31 1573.3 4824.07 3713.05 2509.53 3779.94 3193.5 1695.87 2919.47 3174.93 3944.27 2710.32 2814.27 1079.27 1294.61 3731.24 3097.03 4200.91 2884.03
1423.97 1508.29 1348.02 576.49 576.49 0 3601.8 3187.63 3384.64 3059.89 1248.3 1287.62 2708.1 2994.72 3112.68 5105.48 5105.48 5322.44 5813.3 1804.35 3966.54 4801.82 5007.5 3610.7 3806.97 1567.33 835.08 2965.42 4317.97 3872.96 3723.55 2079.07 4538.31 3427.29 3043.5 3494.18 2907.74 1410.11 2633.71 2889.17 3658.51 3244.29 2528.51 1252.13 1008.85 3445.48 3631 3915.15 2598.27
4223.81 4308.14 3808.12 3168.81 3168.81 3188.94 0 5462.54 5659.56 5859.74 3072.78 2611.6 3538.5 3565.57 2921.71 4775.17 4775.17 4992.13 5454.25 1918.08 6241.46 7076.74 7282.42 6410.55 6606.82 3842.25 3652.74 2635.11 3987.66 535.41 3543.7 4878.92 1113.35 6227.13 5318.42 3457.42 2577.43 4209.96 1322.57 2558.86 3328.21 5519.21 4830.51 4051.98 2309.04 3115.17 5905.92 6715 3281.18
3511.59 3595.92 3606.76 2928.33 2928.33 3118.33 6147.32 0 316.61 5147.52 3793.81 3833.13 4768.77 5055.4 5173.35 7651 7651 7867.95 7900.92 3758.36 1734.39 2569.67 2775.35 5698.33 5894.6 2238.98 2533.34 5510.93 6863.49 6418.47 6419.53 3188.27 4635.72 7071.14 248.04 5554.85 5453.26 3497.74 4587.71 5434.68 6204.03 1012.14 4616.14 2694.23 3554.37 5991 1398.85 6002.78 4658.95
3708.61 3792.94 3803.78 3125.35 3125.35 3315.34 6344.33 316.61 0 5344.53 3990.83 4030.15 4965.79 5252.42 5370.37 7848.01 7848.01 8064.97 8097.94 3955.37 1931.41 2766.69 2972.37 5895.35 6091.62 2436 2730.36 5707.95 7060.51 6615.49 6616.55 3385.28 4832.74 5711.93 341.2 5751.87 5650.28 3694.76 4784.73 5631.7 6401.05 1209.16 4813.15 2891.25 3751.39 6188.02 1595.87 6199.8 4855.96
2286.59 2370.92 2628.58 3317.09 3317.09 2740.7 6342.4 5051.22 5248.24 0 3413.01 3907.74 4220.7 4507.32 4625.28 7462.84 7462.84 7679.79 6675.92 4544.95 5830.13 6665.41 6871.1 825.97 1022.24 4307.92 3297.57 5406.4 6758.95 6613.56 5236.15 961.45 7278.91 339.39 4907.09 5006.78 5265.1 2272.73 5374.31 5246.52 6015.87 5107.88 3391.13 2668.38 3989.69 5886.46 5494.59 1130.42 4110.87
1886.65 1497.4 1372.88 1148.39 1148.39 1168.53 3588.29 3442.13 3639.15 3522.57 0 639.83 1580.15 1866.77 1984.73 4138.96 4138.96 4355.91 4623.61 2058.86 4221.05 5056.33 5262.01 4073.38 4269.65 1821.83 1632.33 2082.52 3435.07 3859.45 2595.6 2543.36 4524.8 3889.97 3298 2366.23 1941.22 1872.79 4734.03 1922.64 2691.99 3498.8 2456.27 1716.42 536.81 2562.58 3885.51 4377.83 1470.32
2235.03 1887.62 1721.27 1261.34 1261.34 1281.47 3562.12 3555.08 3752.1 3870.96 674.29 0 1102.45 1389.08 1507.03 3499.13 3499.13 3716.08 4145.91 2171.81 4333.99 5169.27 5374.96 4421.77 4618.04 1934.78 1745.28 1442.69 2795.24 3833.28 2267.66 2891.75 4498.63 4238.35 3410.95 1888.53 1301.39 2221.18 4707.85 1282.82 2052.16 3611.74 2053.93 2064.81 462.32 1922.75 3998.46 4726.22 992.62
1412.23 1341.92 1224.25 2581.33 2581.33 2004.93 4166.09 4310.15 4507.17 3482.32 1154.33 975.68 0 690.66 1265.54 4103.1 4103.1 4320.06 3564.99 2926.88 5089.06 5924.34 6130.03 4033.13 4229.4 2689.85 2561.8 2046.67 3399.22 4437.25 1876.42 2819 5102.6 3849.71 4166.02 893.89 1905.36 1426.08 5311.83 1886.79 2656.14 4366.81 1495.07 1992.06 1217.39 2526.73 4753.53 4337.58 751.14
2180.14 2109.84 1992.17 2369.47 2369.47 2680.01 4033.08 4663.21 4860.23 4473.28 1782.42 1253.9 707.51 0 781.36 3170.12 3170.12 3387.08 4332.91 3279.94 5442.12 6277.4 6483.09 5024.1 5220.37 3042.91 3236.88 1913.65 3266.2 4304.23 830.77 3494.08 4969.59 4840.68 4519.08 247.61 1772.35 2194 5178.81 1405.18 1944.01 4719.87 2262.99 2667.14 1570.45 2393.71 5106.58 5328.55 409.35
2298.1 2227.8 2110.13 1870.58 1870.58 1890.71 3534.19 4164.32 4361.34 4591.24 1283.54 755.02 1088.93 776.81 0 2648.42 2648.42 2865.38 3327.5 2781.05 4943.24 5778.51 5984.2 5142.05 5338.32 2544.02 2354.52 1414.76 2767.31 3805.35 870.53 3612.03 4470.7 4958.64 4020.19 641.16 1273.46 2311.96 4679.92 883.48 1422.32 4220.99 2380.94 2785.09 1071.57 1894.82 4607.7 5446.5 773.07
4762.99 4692.69 4575.02 4342.87 4342.87 4363 5207.49 6636.61 6833.63 7056.13 3755.83 3227.31 3553.83 3182.38 2511.01 0 0 531.15 1468.2 5253.34 7415.53 8250.8 8456.49 7606.95 7803.22 5016.31 4826.81 2565.79 1135.88 5478.65 1721.66 6076.93 6144 7423.53 6492.48 3046.73 1008.23 4776.85 6353.22 2197.63 770.82 6693.28 5488.36 5249.99 3543.86 2277.17 7079.99 7911.4 3296.51
4762.99 4692.69 4575.02 4342.87 4342.87 4363 5207.49 6636.61 6833.63 7056.13 3755.83 3227.31 3553.83 3182.38 2511.01 0 0 531.15 1468.2 5253.34 7415.53 8250.8 8456.49 7606.95 7803.22 5016.31 4826.81 2565.79 1135.88 5478.65 1721.66 6076.93 6144 7423.53 6492.48 3046.73 1008.23 4776.85 6353.22 2197.63 770.82 6693.28 5488.36 5249.99 3543.86 2277.17 7079.99 7911.4 3296.51
5209.08 5138.78 5021.11 4788.96 4788.96 4809.09 5653.58 7082.7 7279.71 7502.22 4201.91 3673.39 3999.91 3628.47 2957.1 531.15 531.15 0 1914.28 5699.42 7861.61 8696.89 8902.58 8053.03 8249.3 5462.4 5272.9 2527.88 1097.97 5924.73 2167.75 6523.01 6590.09 7869.62 6938.57 3492.81 1313.39 5222.94 6799.31 2643.72 1216.9 7139.36 5934.45 5696.07 3989.94 2239.26 7526.07 8357.48 3742.59
4409.59 4339.29 4262.21 6116.34 6116.34 5539.95 6055 7850.46 8047.48 6479.68 4289.98 4111.33 3686.52 4029.88 3358.51 1682.08 1682.08 1899.04 0 6062.53 8629.38 9464.66 9670.34 7030.49 7226.76 5825.5 6096.82 3935.57 2503.77 6326.15 2569.17 5940.89 6991.51 6847.08 7706.34 3894.23 3794.27 4423.45 7200.73 3045.14 1618.32 7907.13 4035.37 5467.63 4353.05 3645.06 8293.84 7334.94 4144.01
2962.28 3046.61 2886.33 1880.56 1880.56 1927.4 1778.74 3547 3744.02 4598.2 2143.23 2182.54 3118.19 3404.81 3522.77 6000.41 6000.41 6217.37 6161.64 0 4325.92 5161.19 5366.88 5149.01 5345.28 1926.7 2062.89 3860.35 5212.9 1665.35 4768.94 3617.38 976.9 4965.6 3402.87 3904.27 3802.67 2948.42 1092.15 3784.1 4553.44 3603.66 4066.82 2790.44 1903.78 4340.41 3990.38 5453.47 3008.36
4295.05 4379.37 4390.22 3711.79 3711.79 3901.78 6930.77 1811.25 2008.27 5930.97 4577.27 4616.59 5552.23 5838.85 5956.81 8434.45 8434.45 8651.41 8684.38 4541.81 0 913.31 1119 6481.78 6678.05 3022.43 3316.8 6294.39 7646.94 7201.93 7202.98 3971.72 5419.17 6709.35 1667.13 6338.31 6236.71 4281.19 5371.17 6218.14 6987.48 1475.56 5399.59 3477.69 4337.82 6774.45 1132.77 6786.23 5442.4
4831.1 4915.43 4926.27 4247.84 4247.84 4437.83 7466.82 2347.31 2544.32 6467.02 5113.32 5152.64 6088.28 6374.91 6492.86 8970.5 8970.5 9187.46 9220.43 5077.86 897.31 0 450.1 7017.83 7214.11 3558.49 3852.85 6830.44 8183 7737.98 7739.04 4507.77 5955.23 6834.42 2203.18 6874.36 6772.77 4817.24 5907.22 6754.19 7523.54 2011.61 5935.64 4013.74 4873.88 7310.5 1668.83 7322.29 5978.45
5036.79 5121.11 5131.95 4453.52 4453.52 4643.52 7672.51 2552.99 2750.01 6672.71 5319.01 5358.32 6293.97 6580.59 6698.55 9176.19 9176.19 9393.14 9426.12 5283.55 1102.99 450.1 0 7223.52 7419.79 3764.17 4058.54 7036.13 8388.68 7943.67 7944.72 4713.46 6160.91 7040.11 2408.86 7080.05 6978.45 5022.93 6112.9 6959.88 7729.22 1266.19 6141.33 4219.42 5079.56 7516.19 1874.51 7527.97 6184.14
2837.4 2921.73 3179.39 3867.9 3867.9 3291.51 6893.21 5602.03 5799.05 825.97 3963.82 4458.55 4771.51 5058.13 5176.09 8013.65 8013.65 8230.6 7226.73 5095.76 6380.94 7216.22 7421.91 0 199.18 4858.73 3848.38 5957.21 7309.76 7164.37 5786.96 1787.13 7829.72 842.7 5457.9 5557.59 5815.91 2823.54 5925.12 5797.33 6566.68 5658.69 3941.94 3219.19 4540.5 6437.27 6045.4 517.12 4661.68
3033.67 3118 3375.66 4064.17 4064.17 3487.78 7089.48 5798.3 5995.32 1022.24 4160.09 4654.82 4967.78 5254.41 5372.36 8209.92 8209.92 8426.88 7423 5292.03 6577.21 7412.49 7618.18 199.18 0 5055.01 4044.65 6153.48 7506.04 7360.64 5983.23 1983.4 8025.99 1038.98 5654.17 5753.86 6012.18 3019.82 6121.39 5993.61 6762.95 5854.96 4138.21 3415.46 4736.77 6633.54 6241.68 713.4 4857.95
2710.95 2795.27 2635 1062.59 1062.59 1676.07 4301.36 1777.81 1974.83 4346.87 1947.85 1987.17 2922.81 3209.44 3327.39 5805.04 5805.04 6021.99 5966.27 1912.4 2556.72 3392 3597.69 4897.68 5093.95 0 678.69 3664.97 5017.53 4572.51 4573.57 2032.84 2789.76 4714.27 1633.68 3708.89 3607.3 2697.09 2741.75 3588.72 4358.07 1834.47 3815.49 1538.81 1708.41 4145.04 2221.18 5202.13 2812.99
1699.94 1784.27 1624 386.32 386.32 604.45 4142.17 2347.14 2544.16 3335.87 1788.67 1827.98 2984.07 3270.7 3388.65 5645.85 5645.85 5862.8 6089.27 2061.18 3126.06 3961.33 4167.02 3886.68 4082.95 678.69 0 3505.79 4858.34 4413.33 3999.53 1699.83 5078.68 3703.26 2203.01 3770.16 3448.11 1686.09 2890.53 3429.54 4198.88 2403.81 2804.48 1205.8 1549.22 3985.85 2790.52 4191.13 2874.25
3080.88 3010.58 2892.91 2660.76 2660.76 2680.89 3525.38 4954.5 5151.52 5374.02 2073.71 1545.19 1871.71 1898.79 1254.92 3002.56 3002.56 2964.65 3787.46 3571.22 5733.41 6568.69 6774.38 5924.83 6121.1 3334.2 3144.7 0 1869.03 3796.53 1876.92 4394.81 4461.89 5741.42 4810.37 1790.64 910.65 3094.74 4671.11 892.07 1661.42 5011.16 3163.72 3567.87 1861.74 996.53 5397.87 6229.28 1614.39
4402.2 4331.89 4214.23 3982.08 3982.08 4002.21 4846.7 6275.81 6472.83 6695.34 3395.03 2866.51 3193.03 3220.1 2576.24 1135.88 1135.88 1097.97 2519.01 4892.54 7054.73 7890.01 8095.69 7246.15 7442.42 4655.52 4466.01 1432.25 0 5117.85 2772.47 5716.13 5783.21 7062.74 6131.69 3111.96 1807.28 4416.05 5992.43 2213.39 1821.63 6332.48 4485.04 4889.19 3183.06 1143.64 6719.19 7550.6 2935.71
5146.63 5230.96 4730.94 4091.63 4091.63 4111.76 535.41 6385.36 6582.38 6782.56 3995.6 3534.42 4461.32 4488.39 3844.53 5697.99 5697.99 5914.95 6377.07 1665.35 7164.28 7999.56 8205.24 7333.37 7529.64 4765.06 4575.56 3557.93 4910.48 0 4466.52 5801.74 860.61 7149.95 6241.24 4380.24 3500.25 5132.78 1069.84 3481.68 4251.02 6442.03 5753.33 4974.8 3231.86 4037.99 6828.74 7637.82 4204
2908.97 2838.67 2721 3270.8 3270.8 3408.84 4135.41 5564.53 5761.55 5202.11 2683.75 2155.23 1699.81 830.77 870.53 1881.05 1881.05 2098.01 2560.13 4181.26 6343.45 7178.73 7384.41 5752.92 5949.19 3944.24 3754.73 2015.99 2702.74 4406.57 0 4222.91 5071.93 5569.51 5420.41 603.09 1874.69 2922.83 5281.15 1125.56 654.95 5621.2 2991.81 3395.97 2471.78 2496.05 6007.91 6057.38 1383.94
1914.53 1998.85 2324.48 1648.86 1648.86 1836.04 5437.74 2514.53 2711.55 923.26 2876.87 3371.6 3684.55 3971.18 4089.13 6926.69 6926.69 7143.65 6303.86 3640.29 3293.45 4128.73 4334.41 1748.94 1945.21 2108.4 1775.39 4870.26 6222.81 5708.9 4700.01 0 6374.25 1051.04 2370.4 4470.63 4728.96 1900.67 4469.65 4710.38 5479.73 2571.2 3019.07 1097.16 2844.79 5350.32 2957.91 2053.39 3574.73
5665.47 5749.79 5249.77 4610.46 4610.46 4630.59 974.01 4424.36 4621.38 7301.39 4514.43 4053.26 4980.15 5007.22 4363.36 6216.82 6216.82 6433.78 6895.9 976.9 5203.28 6038.56 6244.24 7852.2 8048.47 2804.07 2940.25 4076.76 5429.32 860.61 4985.36 6320.57 0 7668.79 4280.24 4899.08 4019.09 5651.61 381.39 4000.51 4769.86 4481.03 6272.16 5493.63 3750.69 4556.83 4867.74 8156.65 4722.83
2653.99 2738.31 2995.98 3684.49 3684.49 3108.1 6709.8 5418.62 5615.63 339.39 3780.41 4275.14 4588.1 4874.72 4992.68 7830.23 7830.23 8047.19 7043.32 4912.35 6197.53 7032.81 7238.49 842.7 1038.98 4675.32 3664.97 5773.8 7126.35 6980.95 5603.55 1089.23 7646.31 0 5274.49 5374.18 5632.5 2640.13 5741.7 5613.92 6383.27 5475.28 3758.53 3035.78 4357.09 6253.86 5861.99 1147.16 4478.27
3367.47 3451.79 3462.63 2784.2 2784.2 2974.2 6003.19 248.04 341.2 5003.39 3649.69 3689 4624.65 4911.27 5029.23 7506.87 7506.87 7723.82 7756.79 3614.23 1590.26 2425.54 2631.23 5554.2 5750.47 2094.85 2389.22 5366.81 6719.36 6274.35 6275.4 3044.14 4491.59 5370.79 0 5410.73 5309.13 3353.61 4443.58 5290.56 6059.9 868.01 4472.01 2550.1 3410.24 5846.87 1254.72 5858.65 4514.82
2679.6 2609.3 2491.63 2868.93 2868.93 3179.47 4532.53 5162.66 5359.68 4972.74 2281.88 1753.36 910.74 247.61 641.16 2623.29 2623.29 2840.25 3302.37 3779.39 5941.58 6776.86 6982.54 5523.55 5719.82 3542.37 3736.34 2413.1 3765.66 4803.69 603.09 3993.53 5469.04 5340.14 5018.54 0 2271.8 2693.46 5678.26 1264.99 1397.19 5219.33 2762.44 3166.59 2069.91 2893.17 5606.04 5828 612.59
2874.2 2803.9 2686.23 2454.08 2454.08 2474.21 3318.7 4747.82 4944.84 5167.34 1867.03 1338.51 1665.03 1692.11 1048.24 1008.23 1008.23 1313.39 3580.78 3364.54 5526.73 6362.01 6567.7 5718.15 5914.42 3127.52 2938.02 1199.27 1129.37 3589.86 1670.24 4188.13 4255.21 5534.74 4603.69 1583.96 0 2888.06 4464.43 685.39 1454.74 4804.48 2957.04 3361.19 1655.06 1679.33 5191.19 6022.6 1407.71
13.86 176.8 486.14 1713.88 1713.88 1137.49 4739.19 3448.01 3645.02 2077.22 1809.8 2304.53 1546.28 2904.11 3022.07 5859.62 5859.62 6076.58 4424.17 2941.74 4226.92 5062.2 5267.88 2628.03 2824.3 2704.71 1694.36 3803.19 5155.74 5010.34 3632.94 1538.43 5675.7 2444.62 3303.88 3403.57 3661.89 0 3771.09 3643.31 4412.66 3504.67 1139.39 1065.17 2386.48 4283.25 3891.38 2932.48 2507.66
3791.64 3875.96 3715.69 2709.91 2709.91 2756.76 1183.23 4376.36 4573.37 5427.56 4723.65 4262.48 5189.37 5216.44 4572.58 6426.04 6426.04 6643 7105.12 1092.15 5155.27 5990.55 6196.23 5978.37 6174.64 2756.06 2892.24 4285.98 5638.54 1069.84 5194.58 4446.74 381.39 5794.96 4232.23 5108.3 4228.31 3777.78 0 4209.73 4979.08 4433.02 6481.38 3619.8 3959.91 4766.05 4819.73 6282.82 4932.05
3840.12 3769.82 3652.15 3420 3420 3440.13 4284.62 5713.74 5910.76 6133.26 2832.95 2304.44 2630.96 2259.51 1588.14 2216.61 2216.61 2433.57 2895.69 4330.47 6492.65 7327.93 7533.62 6684.07 6880.34 4093.44 3903.94 2165.19 3038.3 4555.78 985.15 5154.05 5221.13 6500.66 5569.61 2123.85 652.13 3853.98 5430.35 0 769.65 5770.4 3922.96 4327.12 2620.98 2645.25 6157.12 6988.53 2373.64
3499.11 3428.81 3311.14 3078.99 3078.99 3099.13 3943.61 5372.73 5569.75 5792.26 2491.95 1963.43 2289.95 1918.5 1247.13 961.62 961.62 1178.58 1640.7 3989.46 6151.65 6986.93 7192.61 6343.07 6539.34 3752.43 3562.93 1824.18 1783.31 4214.77 644.14 4813.05 4880.12 6159.65 5228.6 1782.85 1682.88 3512.97 5089.34 933.76 0 5429.4 3581.96 3986.11 2279.98 2304.25 5816.11 6647.52 2032.63
3500.64 3584.97 3595.81 2917.38 2917.38 3107.38 6136.37 1016.85 1213.87 5136.57 3782.86 3822.18 4757.82 5044.45 5162.4 7640.04 7640.04 7857 7889.97 3747.4 1439.61 2274.88 1266.19 5687.38 5883.65 2228.03 2522.39 5499.98 6852.54 6407.52 6408.58 3177.31 4624.77 5503.96 872.72 5543.9 5442.31 3486.79 4576.76 5423.73 6193.08 0 4605.19 2683.28 3543.42 5980.05 1104.07 5991.83 4648
1022.58 952.28 875.2 2729.33 2729.33 2152.94 5542.77 4463.46 4660.48 3092.67 2548.99 1954.69 1579.75 2524.27 2642.22 5742.38 5742.38 5959.34 4075.5 3957.19 5242.37 6077.65 6283.34 3643.48 3839.76 3720.17 2709.81 3423.34 4775.9 5813.93 3253.09 2553.88 6479.28 3460.07 4319.33 3023.72 3282.04 1036.44 4786.55 3263.47 4032.81 4520.12 0 2080.62 2196.41 3903.4 4906.84 3947.94 2127.81
1065 1149.33 1054.9 1109.95 1109.95 933.55 4535.25 2651.25 2848.27 2700.92 1607.3 2102.02 2414.98 2701.61 2819.56 5657.12 5657.12 5874.08 5454.33 2737.8 3430.16 4265.44 4471.13 3251.73 3448 1569.49 1236.48 3600.68 4953.24 4806.41 3430.44 741.67 5471.76 3068.32 2507.12 3201.06 3459.38 1051.14 3567.16 3440.81 4210.15 2707.91 2169.54 0 2183.97 4080.75 3094.62 3556.19 2305.15
2314.59 1967.17 1800.82 1075.29 1075.29 1095.42 2824.75 3369.03 3566.05 3950.51 536.81 379.74 1315.38 1602.01 1719.96 3878.87 3878.87 4095.82 4358.84 1985.76 4147.95 4983.22 5188.91 4501.32 4697.59 1748.73 1559.23 1822.43 3174.98 3095.91 2330.83 2971.3 3761.26 4317.91 3224.9 2101.46 1681.13 2300.73 3970.48 1662.56 2431.9 3425.7 2192.81 2144.36 0 2302.49 3812.41 4805.77 1205.55
3519.45 3449.15 3331.48 3099.33 3099.33 3119.46 3963.95 5393.07 5590.09 5812.59 2512.28 1983.76 2310.28 2337.36 1693.49 2141.73 2141.73 2103.82 3524.86 4009.8 6171.98 7007.26 7212.95 6363.4 6559.67 3772.77 3583.27 1844.52 1008.19 4235.11 2315.49 4833.38 4900.46 6179.99 5248.94 2229.21 924.54 3533.31 5109.68 1330.64 2099.99 5449.73 3602.29 4006.45 2300.31 0 5836.44 6667.85 2052.96
4390.66 4474.99 4485.83 3807.4 3807.4 3997.39 7026.38 1906.87 2103.89 6026.58 4672.88 4712.2 5647.84 5934.47 6052.42 8530.06 8530.06 8747.02 8779.99 4637.42 338.34 1173.62 1379.31 6577.4 6773.67 3118.05 3412.41 6390 7742.56 7297.54 7298.6 4067.33 5514.79 6393.98 1762.74 6433.92 6332.33 4376.81 5466.78 6313.75 7083.1 1571.17 5495.2 3573.3 4433.44 6870.07 0 6881.85 5538.01
3141.86 3226.18 3483.85 4172.36 4172.36 3595.96 7197.66 5906.48 6103.5 1130.42 4268.28 4763 5075.96 5362.59 5480.54 8318.1 8318.1 8535.06 7531.18 5400.21 6685.4 7520.67 7726.36 517.12 713.4 5163.19 4152.83 6261.66 7614.22 7468.82 6091.42 2091.59 8134.17 1147.16 5762.35 5862.04 6120.36 3128 6229.57 6101.79 6871.13 5963.15 4246.4 3523.64 4844.95 6741.73 6349.86 0 4966.13
1783.69 1713.39 1595.72 2085.08 2085.08 2283.56 3748.69 4378.82 4575.83 4076.83 1498.03 969.51 574.52 409.35 773.07 3161.83 3161.83 3378.79 3936.45 2995.54 5157.73 5993.01 6198.7 4627.64 4823.91 2758.52 2840.43 1629.26 2981.81 4019.84 1383.94 3097.62 4685.2 4444.23 4234.69 612.59 1487.96 1797.55 4894.42 1469.38 2238.73 4435.48 1866.53 2270.69 1286.06 2109.32 4822.19 4932.09 0