0 85.3 140.67 241.93 324.02 403.19 567.62 503.14 1206.19 752.72 943.7 614.52 739.43 785.42 684.04 3485.54 3457.86 3634.11 3785.92 3027.45 3409.04 3564.24 3583.75 3746.94 3596.14 3364.84 3275.77 4056.6 3688.59 3899.13 3124.25 3303.32 2544.07 2481.75 2712.34 3006.96 3613.43 3898.74 3087.64 3247.01 2565.47 3467.15 2900.27 3078.59 3111.13 3631.12 1049.98 2658.65 496.8 3416.22 3209.97
85.3 0 151.39 156.63 334.73 317.88 482.32 513.85 1216.9 763.43 954.41 625.23 654.12 796.13 694.75 3400.23 3372.56 3548.81 3700.62 2942.15 3323.73 3478.94 3498.45 3661.64 3510.84 3279.53 3190.47 3971.3 3603.29 3813.83 3038.94 3218.01 2458.77 2396.45 2627.04 2921.66 3528.13 3813.43 3002.34 3161.71 2480.17 3381.85 2814.96 2993.29 3025.82 3545.82 1060.69 2573.35 411.5 3330.91 3124.66
140.67 151.39 0 187.65 183.35 348.91 513.34 362.47 1065.52 612.05 803.02 473.85 685.15 644.75 543.37 3431.25 3403.58 3579.83 3731.64 2973.17 3354.75 3509.96 3529.47 3692.66 3541.86 3310.56 3221.49 4002.32 3634.31 3844.85 3069.96 3249.03 2489.79 2427.47 2658.06 2952.68 3559.15 3844.45 3033.36 3192.73 2511.19 3412.87 2845.98 3024.31 3056.84 3576.84 909.31 2604.37 442.52 3361.94 3155.68
302.59 313.3 161.92 0 178.46 355.56 519.99 357.59 1060.63 607.16 798.14 468.96 620 639.87 538.49 3437.91 3410.24 3586.49 3738.29 2979.82 3361.41 3516.61 3536.13 3699.31 3548.52 3317.21 3228.14 4008.97 3640.96 3851.51 3076.62 3255.69 2496.45 2434.12 2664.71 2959.33 3565.81 3851.11 3040.01 3199.39 2517.84 3419.53 2852.64 3030.96 3063.5 3583.49 904.42 2611.02 449.17 3368.59 3162.34
378.82 293.52 310.34 148.43 0 177.1 341.53 539.74 1209.06 755.59 946.57 617.39 513.34 788.29 753.42 3259.45 3231.77 3408.02 3559.83 2801.36 3182.94 3338.15 3357.66 3520.85 3370.05 3138.75 3049.68 3830.51 3462.5 3673.04 2898.16 3077.22 2317.98 2255.66 2486.25 2780.87 3387.34 3672.65 2861.55 3020.92 2339.38 3241.06 2674.18 2852.5 2885.03 3405.03 1052.85 2432.56 270.71 3190.13 2983.88
482.66 397.36 414.18 252.26 430.73 0 228.25 426.46 1180.92 727.45 918.43 589.25 400.06 760.15 640.14 3146.17 3118.49 3294.74 3446.55 2688.08 3069.67 3224.87 3244.38 3407.57 3256.77 3025.47 2936.4 3717.23 3349.22 3559.76 2673.27 2852.34 2904.01 2142.38 3072.27 2667.59 3162.46 3447.76 2748.27 2907.64 2925.4 3016.18 2560.9 2739.22 2771.76 3291.75 1024.71 2319.28 95.65 3076.85 2758.99
536.6 451.3 468.12 306.2 484.67 334.87 0 198.21 952.67 499.2 690.17 361 171.81 531.9 411.89 2952.78 2925.11 3101.35 3253.16 2494.69 2876.28 3031.48 3050.99 3214.18 3063.38 2832.08 2743.01 3523.84 3155.83 3366.38 2591.49 2770.56 2011.32 1948.99 2179.58 2474.2 3080.68 3365.98 2554.88 2714.26 2032.71 2934.4 2367.51 2545.83 2578.37 3098.36 796.46 2125.89 180.67 2883.46 2677.21
621.19 535.89 552.71 390.8 294.88 419.47 198.21 0 754.46 300.99 491.96 162.79 262.41 333.69 232.31 3072.11 3044.44 3220.69 3372.5 2614.03 2995.61 3150.82 3170.33 3333.52 3373.54 2951.42 2862.35 3643.18 3275.17 3485.71 2789.7 2968.77 2130.65 2068.33 2298.92 2593.54 3278.89 3564.19 2674.22 2833.59 2152.05 3132.6 2486.84 2665.17 2697.7 3217.7 598.25 2245.23 378.88 3002.8 2875.42
667.88 678.59 527.21 659.35 518.5 688.02 852.45 697.62 0 947.2 984.62 809 960.03 797.06 878.52 3392.29 3814.76 3991.01 4142.82 3384.35 3765.93 3921.14 3940.65 4103.84 3242.06 3721.73 3632.67 4413.5 4045.49 4256.03 3409.08 3588.15 2828.91 2766.58 2997.17 3291.79 3898.27 4183.57 3372.47 3531.85 2850.3 3751.99 3185.1 3363.42 3395.96 3988.02 1090.9 2943.48 781.63 3773.11 3494.8
632.16 642.87 491.49 623.63 482.78 652.3 816.74 661.9 1364.95 0 1102.45 773.28 924.31 803.68 842.8 3398.92 3821.39 3997.64 4149.44 3390.97 3772.56 3927.76 3947.28 4110.46 3248.69 3728.36 3639.29 4420.13 4052.11 4262.66 3373.36 3552.43 2793.19 2730.86 2961.45 3256.07 3862.55 4147.85 3336.75 3496.13 2814.58 3716.27 3149.38 3327.71 3360.24 3994.64 1208.74 2907.77 745.92 3779.74 3459.08
786.65 797.37 645.98 778.13 637.27 806.8 971.23 816.39 263.93 212.57 0 927.77 1078.8 915.83 997.29 3511.07 3933.53 4109.78 4261.59 3503.12 3884.71 4039.91 4059.42 4222.61 3360.84 3840.51 3751.44 4532.27 4164.26 4374.8 3527.85 3706.92 2947.68 2885.36 3115.95 3410.57 4017.04 4302.34 3491.25 3650.62 2969.08 3870.76 3303.87 3482.2 3514.73 4106.79 106.28 3062.26 900.41 3891.89 3613.57
750.33 665.03 681.85 519.93 379.08 548.6 583.3 162.79 683.05 385.19 420.55 0 411.86 262.28 218.11 3057.92 3030.24 3206.49 3358.3 2599.83 2981.42 3136.62 3156.13 3319.32 3302.13 2937.22 2848.15 3628.98 3260.97 3471.51 2256.89 2393.14 2116.45 2054.13 2284.72 2579.34 2809.9 3820.48 2660.02 2819.39 2137.85 2556.98 2472.65 2650.97 2683.51 3203.5 526.84 2231.03 763.97 2988.6 2342.61
594.79 509.49 526.31 364.39 542.86 393.06 171.81 262.41 1016.87 563.4 754.38 425.2 0 596.1 240.45 3124.58 3096.91 3273.16 3424.97 2666.5 3048.08 3203.29 3222.8 3385.99 3235.19 3003.89 2914.82 3695.65 3327.64 3538.18 2763.29 2942.36 2183.12 2120.8 2351.39 2646.01 3252.48 3537.78 2726.69 2886.06 2204.52 3106.2 2539.31 2717.64 2750.17 3270.17 860.66 2297.7 352.48 3055.27 2849.01
921.23 835.93 852.75 690.83 549.98 719.5 531.9 333.69 473.15 423.23 210.66 262.28 620.54 0 426.79 3213.17 3635.64 3811.89 3963.69 3205.22 3586.81 3742.01 3761.53 3924.71 3062.94 3542.61 3453.54 4234.38 3866.36 4076.91 2465.57 2601.83 2325.13 2262.81 2493.4 2788.02 3018.58 4029.16 2868.7 3028.07 2346.53 2765.66 2681.33 2859.65 2892.19 3808.89 316.94 2439.71 712.57 3593.99 2551.29
832.15 746.84 763.67 601.75 780.21 630.42 409.16 499.77 1214.94 800.76 952.45 662.56 237.72 764.89 0 2839.81 2812.13 2988.38 3140.19 2381.72 2763.3 2918.51 2938.02 3101.21 2950.41 2719.11 2630.04 3410.87 3042.86 3253.4 2038.78 2175.03 1898.34 1836.02 2066.61 2361.23 2591.79 3602.37 2441.91 2601.28 1919.74 2338.87 2254.54 2432.86 2465.39 2985.39 1058.73 2012.92 589.84 2770.49 2124.5
3433.7 3348.39 3365.21 3203.3 3381.76 3231.97 3010.71 3101.32 3631.09 3402.31 3368.6 3420.22 2839.27 3181.04 2601.55 0 294.6 470.85 622.66 280.88 701.46 659.92 876.18 936.09 432.88 422.91 568.19 893.34 877.74 735.87 3898.72 4034.97 3758.28 3695.96 3926.55 4221.17 4451.73 5462.31 4301.85 4461.22 3779.68 4198.81 4114.48 4292.8 4325.34 467.86 3474.89 3872.86 3191.39 119.55 3984.44
3406.02 3320.72 3337.54 3175.63 3354.09 3204.3 2983.04 3073.65 3603.42 3374.63 3340.93 3392.55 2811.6 3153.37 2573.88 294.6 0 310.4 462.21 474.74 541.01 499.47 715.73 775.64 251.98 262.46 407.74 732.89 717.29 575.42 3871.05 4007.3 3730.61 3668.29 3898.88 4193.5 4424.06 5434.64 4274.18 4433.55 3752.01 4171.14 4086.8 4265.13 4297.66 307.41 3447.21 3845.19 3163.71 225.28 3956.77
3582.27 3496.97 3513.79 3351.87 3530.34 3380.54 3159.29 3249.89 3779.67 3550.88 3517.18 3568.8 2987.85 3329.61 2750.12 470.85 310.4 0 334.67 650.99 500.97 459.43 675.68 735.6 448.68 222.42 367.7 655.76 677.25 498.29 4047.3 4183.55 3906.86 3844.54 4075.13 4369.74 4600.31 5610.89 4450.42 4609.8 3928.26 4347.39 4263.05 4441.38 4473.91 267.36 3623.46 4021.44 3339.96 401.53 4133.02
3734.08 3648.78 3665.6 3503.68 3682.15 3532.35 3311.1 3401.7 3931.48 3702.69 3668.99 3720.61 3139.65 3481.42 2901.93 622.66 462.21 334.67 0 802.79 522.27 430.64 467.89 315.25 600.49 283.11 389 321.09 428.8 163.62 4199.1 4335.36 4058.67 3996.34 4226.93 4521.55 4752.12 5762.69 4602.23 4761.61 4080.06 4499.2 4414.86 4593.19 4625.72 174.06 3775.27 4173.24 3491.77 553.34 4284.83
2981.67 2896.37 2913.19 2751.27 2929.74 2779.94 2558.69 2649.29 3179.07 2950.28 2916.58 2968.2 2387.24 2729.01 2149.52 280.88 703.44 879.69 1031.5 0 654.61 809.82 829.33 992.51 841.72 610.41 521.34 1302.18 934.17 1144.71 3446.69 3582.95 3306.26 3243.93 3474.52 3769.14 3999.71 5010.28 3849.82 4009.2 3327.65 3746.79 3662.45 3840.78 3873.31 876.7 3022.86 3420.83 2739.36 661.79 3532.41
3540.83 3455.52 3472.35 3310.43 3488.89 3339.1 3117.84 3208.45 3738.23 3509.44 3475.73 3527.36 2946.4 3288.17 2708.68 590.06 562.39 500.97 522.27 609.54 0 477.95 312.35 660.65 700.67 278.55 189.48 813.82 602.3 656.35 4005.85 4142.11 3865.42 3803.09 4033.68 4328.3 4558.87 5569.44 4408.98 4568.35 3886.81 4305.94 4221.61 4399.93 4432.47 388.34 3582.02 3979.99 3298.52 520.74 4091.57
3771.35 3686.04 3702.86 3540.95 3719.41 3569.62 3348.36 3438.97 3968.75 3739.96 3706.25 3757.87 3176.92 3518.69 2939.2 659.92 499.47 459.43 430.64 840.06 477.95 0 257.61 276.87 637.75 237.01 288.47 444.79 218.52 564.72 4236.37 4372.63 4095.93 4033.61 4264.2 4558.82 4789.38 5799.96 4639.5 4798.87 4117.33 4536.46 4452.13 4630.45 4662.99 296.71 3812.54 4210.51 3529.04 590.61 4322.09
3715.54 3630.24 3647.06 3485.15 3663.61 3513.82 3292.56 3383.17 3912.94 3684.15 3650.45 3702.07 3121.12 3462.89 2883.4 764.78 737.11 675.68 467.89 784.26 312.35 257.61 0 440.31 875.39 453.27 307.98 616.43 381.96 601.97 4180.57 4316.82 4040.13 3977.81 4208.4 4503.02 4733.58 5744.16 4583.7 4743.07 4061.53 4480.66 4396.32 4574.65 4607.18 554.32 3756.73 4154.71 3473.23 695.46 4266.29
4047.52 3962.21 3979.03 3817.12 3995.58 3845.79 3624.53 3715.14 4244.91 4016.13 3982.42 4034.04 3453.09 3794.86 3215.37 936.09 775.64 735.6 315.25 1116.23 660.65 276.87 440.31 0 913.92 513.18 471.17 463.79 88.01 449.33 4512.54 4648.79 4372.1 4309.78 4540.37 4834.99 5065.55 6076.13 4915.67 5075.04 4393.5 4812.63 4728.3 4906.62 4939.15 338.48 4088.7 4486.68 3805.2 866.77 4598.26
3575.68 3490.38 3507.2 3345.28 3523.75 3373.95 3152.7 3243.3 3584.1 3544.29 3321.61 3373.23 2981.25 3134.04 2743.53 181.48 283.36 480.05 631.86 644.39 710.67 669.13 885.38 945.3 0 432.12 577.4 902.54 886.95 745.08 4040.7 4176.96 3900.27 3837.94 4068.53 4363.15 4593.72 5604.29 4443.83 4603.21 3921.66 4340.8 4256.46 4434.79 4467.32 477.06 3427.89 4014.84 3333.37 264.65 4126.42
3534.33 3449.03 3465.85 3303.94 3482.4 3332.61 3111.35 3201.96 3731.73 3502.94 3469.24 3520.86 2939.91 3281.68 2702.19 422.91 262.46 222.42 283.11 603.05 278.55 237.01 453.27 513.18 400.74 0 145.28 574.66 454.83 417.19 3999.36 4135.61 3858.92 3796.6 4027.19 4321.81 4552.37 5562.95 4402.49 4561.86 3880.32 4299.45 4215.11 4393.44 4425.97 149.18 3575.52 3973.5 3292.02 353.59 4085.08
3407.56 3322.26 3339.08 3177.16 3355.63 3205.83 2984.58 3075.18 3604.96 3376.17 3342.47 3394.09 2813.13 3154.9 2575.41 456.8 429.12 367.7 389 476.28 189.48 288.47 307.98 471.17 567.4 145.28 0 647.29 412.82 523.09 3872.59 4008.84 3732.15 3669.82 3900.41 4195.03 4425.6 5436.18 4275.71 4435.09 3753.54 4172.68 4088.34 4266.67 4299.2 255.07 3448.75 3846.73 3165.25 387.48 3958.31
4004.76 3919.46 3936.28 3774.36 3952.83 3803.03 3581.78 3672.38 4202.16 3973.37 3939.67 3991.29 3410.33 3752.1 3172.61 893.34 732.89 655.76 321.09 1073.48 813.82 444.79 616.43 463.79 871.17 574.66 647.29 0 577.34 195.97 4469.79 4606.04 4329.35 4267.02 4497.61 4792.23 5022.8 6033.38 4872.91 5032.29 4350.74 4769.88 4685.54 4863.87 4896.4 465.61 4045.95 4443.93 3762.45 824.02 4555.51
3989.17 3903.86 3920.68 3758.77 3937.23 3787.44 3566.18 3656.79 4186.56 3957.78 3924.07 3975.69 3394.74 3736.51 3157.02 877.74 717.29 677.25 428.8 1057.88 602.3 218.52 381.96 88.01 855.57 454.83 412.82 577.34 0 562.88 4454.19 4590.45 4313.75 4251.43 4482.02 4776.64 5007.2 6017.78 4857.32 5016.69 4335.15 4754.28 4669.95 4848.27 4880.81 515.23 4030.36 4428.33 3746.86 808.43 4539.91
3847.29 3761.99 3778.81 3616.9 3795.36 3645.57 3424.31 3514.92 4044.69 3815.9 3782.2 3833.82 3252.87 3594.64 3015.15 735.87 575.42 498.29 163.62 916.01 656.35 564.72 601.97 449.33 713.7 417.19 523.09 195.97 562.88 0 4312.32 4448.57 4171.88 4109.56 4340.15 4634.77 4865.33 5875.91 4715.45 4874.82 4193.28 4612.41 4528.07 4706.4 4738.93 308.14 3888.48 4286.46 3604.98 666.55 4398.04
3323.34 3238.03 3254.86 3092.94 3271.4 3052.1 2900.35 2990.96 4123.51 3291.95 3861.02 3153.75 2790.01 3673.45 3093.96 4181.09 4153.42 4329.67 4481.48 3723.01 4104.59 4259.8 4279.31 4442.49 4291.7 4060.39 3971.32 4752.16 4384.15 4594.69 0 526.09 231.58 677.04 399.85 1237.21 925.03 1196.2 1317.89 1477.27 252.98 689.93 1130.52 1308.85 1341.38 4326.68 3967.3 579.77 2969.01 4111.77 475.56
3174.61 3089.31 3106.13 2944.21 3122.68 2903.37 2751.63 2842.23 3974.78 3143.22 3712.29 3005.02 2641.28 3524.73 2945.24 4357.1 4329.43 4505.68 4657.48 3899.01 4280.6 4435.8 4455.32 4618.5 4467.71 4236.4 4147.33 4928.16 4560.15 4770.7 176.86 0 407.59 853.04 420.09 1413.22 310.12 581.28 863.13 802.09 273.22 163.84 1306.53 814.97 1517.39 4502.68 3818.57 481.93 2820.29 4287.78 111.76
2940.99 2855.68 2872.51 2710.59 2889.05 2669.75 2518 2608.61 3741.16 2909.6 3478.67 2771.4 2407.66 3291.1 2711.61 3950.08 3922.41 4098.66 4250.47 3492 3873.58 4028.79 4048.3 4211.49 4060.69 3829.39 3740.32 4521.15 4153.14 4363.68 746.26 882.51 0 446.03 774.08 1006.21 1027.97 1299.42 1086.89 1246.26 627.21 1046.35 899.51 1077.84 1110.37 4095.67 3584.95 622.93 2586.66 3880.77 831.98
3533.89 3448.58 3465.4 3303.49 3481.95 3262.65 3110.9 3201.51 4334.06 3502.5 4071.57 3364.3 3000.55 3884 3304.51 4542.98 4515.31 4691.56 4843.37 4084.9 4466.48 4621.69 4641.2 4804.39 4653.59 4422.28 4333.22 5114.05 4746.04 4956.58 1339.16 1475.41 1198.72 0 1366.98 392.62 1002.15 685.83 473.3 632.67 1220.11 1158.99 285.93 464.25 496.79 4688.57 4177.85 1313.3 3179.56 4473.67 1424.88
3392.65 3307.35 3324.17 3162.25 3340.72 3121.41 2969.67 3060.27 4192.82 3361.26 3930.33 3223.06 2859.32 3742.77 3163.28 4250.41 4222.73 4398.98 4550.79 3792.32 4173.91 4329.11 4348.62 4511.81 4361.01 4129.71 4040.64 4821.47 4453.46 4664 459.15 420.09 300.9 431.69 0 690.26 525.18 796.35 1078.2 1017.16 146.87 419.34 715.32 1030.03 926.18 4395.99 4036.61 179.92 3038.33 4181.09 369.56
3566.18 3480.87 3497.7 3335.78 3514.24 3294.94 3143.19 3233.8 4366.35 3534.79 4103.86 3396.59 3032.85 3916.29 3336.8 4575.27 4547.6 4723.85 4875.66 4117.19 4498.77 4653.98 4673.49 4836.68 4685.88 4454.58 4365.51 5146.34 4778.33 4988.87 1371.45 1033.61 1231.01 282.97 1167.39 0 755.15 438.83 226.3 385.67 1252.4 912 248.51 217.25 459.37 4720.86 4210.14 1066.14 3211.85 4505.96 1457.17
3603.62 3518.32 3535.14 3373.22 3551.69 3332.38 3180.64 3271.24 4403.79 3572.23 4141.3 3434.03 3070.29 3953.73 3374.24 4813.19 4785.52 4961.76 5113.57 4355.1 4736.69 4891.89 4911.4 5074.59 4923.79 4692.49 4603.42 5384.25 5016.24 5226.78 605.87 429.01 863.68 713.31 562.78 710 0 271.16 553.01 491.97 709.65 307.39 812.88 504.85 788.01 4958.77 4247.58 461.54 3249.3 4743.87 540.76
3770.03 3684.73 3701.55 3539.63 3718.1 3498.79 3347.05 3437.65 4570.2 3738.64 4307.71 3600.44 3236.7 4120.15 3540.66 5626.16 5598.49 5774.73 5926.54 5168.07 5549.66 5704.86 5724.37 5887.56 5736.76 5505.46 5416.39 6197.22 5829.21 6039.76 1307.03 594.78 1029.45 879.08 728.55 438.83 316.31 0 281.85 220.81 875.42 473.16 541.72 233.69 516.85 5771.74 4414 627.31 3415.71 5556.84 706.53
3646.86 3561.55 3578.38 3416.46 3594.92 3375.62 3223.87 3314.48 4447.03 3615.47 4184.54 3477.27 3113.53 3996.97 3417.48 4655.96 4628.28 4804.53 4956.34 4197.87 4579.46 4734.66 4754.17 4917.36 4766.56 4535.26 4446.19 5227.02 4859.01 5069.55 1452.13 876.63 1311.69 508.65 1010.4 226.3 598.16 281.85 0 171.39 1157.27 755.01 329.19 252.73 235.48 4801.54 4290.82 909.16 3292.53 4586.64 988.38
3990.84 3905.54 3922.36 3760.45 3938.91 3719.61 3567.86 3658.47 4791.02 3959.45 4528.52 3821.25 3457.51 4340.96 3761.47 4815.33 4787.66 4963.91 5115.71 4357.24 4738.83 4894.03 4913.54 5076.73 4925.94 4694.63 4605.56 5386.39 5018.38 5228.93 1527.84 815.59 1250.26 668.02 949.36 385.67 537.13 220.81 171.39 0 1096.23 693.97 488.56 192.07 406.39 4960.91 4634.81 848.12 3636.52 4746.01 927.35
3245.78 3160.48 3177.3 3015.38 3193.85 2974.54 2822.8 2913.4 4045.95 3214.39 3783.46 3076.19 2712.45 3595.9 3016.41 4103.54 4075.86 4252.11 4403.92 3645.45 4027.04 4182.24 4201.75 4364.94 4214.14 3982.84 3893.77 4674.6 4306.59 4517.13 312.28 273.22 154.03 599.48 146.87 1159.66 672.05 943.22 1240.34 1164.03 0 323.46 1052.97 1231.29 1263.83 4249.12 3889.74 326.79 2891.46 4034.22 222.69
3338.45 3253.15 3269.97 3108.05 3286.52 3067.21 2915.47 3006.07 4138.62 3307.06 3876.13 3168.86 2805.12 3688.56 3109.07 4520.94 4493.26 4669.51 4821.32 4062.85 4444.44 4599.64 4619.15 4782.34 4631.54 4400.24 4311.17 5092 4723.99 4934.53 340.7 163.84 571.43 569.87 419.34 828.44 188.5 459.67 741.52 680.48 323.46 0 853.5 693.35 976.51 4666.52 3982.41 318.1 2984.12 4451.62 275.59
3916.73 3831.43 3848.25 3686.33 3864.8 3645.49 3493.75 3584.35 4716.9 3885.34 4454.41 3747.14 3383.4 4266.85 3687.36 4925.83 4898.16 5074.41 5226.21 4467.74 4849.33 5004.53 5024.05 5187.23 5036.44 4805.13 4716.06 5496.89 5128.88 5339.43 1722 1243.46 1581.56 778.52 1377.23 496.18 965 648.68 367.31 538.22 1524.1 1121.84 0 522.61 210.86 5071.41 4560.7 1275.99 3562.41 4856.51 1355.21
3637.81 3552.51 3569.33 3407.41 3585.88 3366.57 3214.83 3305.43 4437.98 3606.42 4175.49 3468.22 3104.48 3987.93 3408.44 4646.91 4619.24 4795.48 4947.29 4188.82 4570.41 4725.61 4745.12 4908.31 4757.51 4526.21 4437.14 5217.97 4849.96 5060.51 1443.08 828.46 1302.64 483.97 962.24 217.25 550 233.69 252.73 192.07 1109.11 706.85 320.14 0 531 4792.49 4281.77 860.99 3283.49 4577.59 940.22
3940.02 3854.72 3871.54 3709.62 3888.09 3668.78 3517.04 3607.64 4740.19 3908.63 4477.7 3770.43 3406.69 4290.13 3710.65 4949.12 4921.45 5097.69 5249.5 4491.03 4872.62 5027.82 5047.33 5210.52 5059.72 4828.42 4739.35 5520.18 5152.17 5362.71 2720.66 1169.79 1604.85 801.81 1303.56 519.46 891.33 575.01 293.16 464.55 1450.43 1048.18 1075.02 545.89 0 5094.7 4583.98 1202.32 3585.7 4879.8 2585.94
3579.28 3493.98 3510.8 3348.88 3527.35 3377.55 3156.3 3246.9 3776.68 3547.89 3514.19 3565.81 2984.85 3326.62 2747.13 467.86 307.41 267.36 174.06 648 388.34 296.71 554.32 338.48 445.69 149.18 255.07 465.61 515.23 308.14 4044.31 4180.56 3903.87 3841.54 4072.13 4366.75 4597.32 5607.9 4447.43 4606.81 3925.26 4344.4 4260.06 4438.39 4470.92 0 3620.47 4018.45 3336.97 398.54 4130.03
738.45 749.16 597.77 729.92 589.06 758.59 923.02 768.18 1471.23 106.29 1208.74 879.56 1030.6 909.97 949.08 3505.21 3927.67 4103.92 4255.73 3497.26 3878.85 4034.05 4053.56 4216.75 3354.97 3834.65 3745.58 4526.41 4158.4 4368.94 3479.65 3658.72 2899.47 2837.15 3067.74 3362.36 3968.83 4254.14 3443.04 3602.41 2920.87 3822.55 3255.67 3433.99 3466.53 4100.93 0 3014.05 852.2 3886.03 3565.37
3572.57 3487.26 3504.09 3342.17 3520.63 3301.33 3149.58 3240.19 4372.74 3541.18 4110.25 3402.98 3039.24 3922.68 3343.19 4430.32 4402.65 4578.9 4730.71 3972.24 4353.82 4509.03 4528.54 4691.73 4540.93 4309.62 4220.55 5001.39 4633.38 4843.92 639.07 481.93 480.81 270.67 179.92 529.24 423.94 695.1 976.95 915.91 326.79 318.1 554.31 928.79 765.16 4575.91 4216.53 0 3218.24 4361 549.48
500.15 414.84 431.66 269.75 448.21 95.65 180.67 378.88 1133.34 679.87 870.85 541.67 352.48 712.57 592.56 3098.59 3070.92 3247.16 3398.97 2640.5 3022.09 3177.29 3196.8 3359.99 3209.19 2977.89 2888.82 3669.65 3301.64 3512.18 2603.25 2782.32 2833.99 2225.22 3002.25 2750.43 3092.44 3377.74 2831.11 2990.48 2855.38 2946.16 2643.74 2822.06 2854.59 3244.17 977.13 3182.17 0 3029.27 2688.97
3364.38 3279.07 3295.9 3133.98 3312.44 3162.65 2941.39 3032 3561.78 3332.99 3299.28 3350.91 2769.95 3111.72 2532.23 119.55 225.28 401.53 553.34 433.09 632.14 590.61 806.86 866.77 363.56 353.59 498.88 824.02 808.43 666.55 3829.4 3965.66 3688.97 3626.64 3857.23 4151.85 4382.42 5392.99 4232.53 4391.91 3710.36 4129.49 4045.16 4223.48 4256.02 398.54 3405.57 3803.54 3122.07 0 3915.12
3081.67 2996.37 3013.19 2851.27 3029.74 2810.43 2658.69 2749.29 3881.84 3050.28 3619.35 2912.08 2548.34 3431.78 2852.29 4306.57 4278.89 4455.14 4606.95 3848.48 4230.07 4385.27 4404.78 4567.97 4417.17 4185.87 4096.8 4877.63 4509.62 4720.16 126.33 111.76 357.06 802.51 369.56 1362.69 421.88 693.04 1443.37 913.85 222.69 275.59 1256 1434.32 1466.86 4452.15 3725.63 549.48 2727.35 4237.25 0