40 5 4
-19.638120 -43.236594
-19.637212 -43.235872
-19.635718 -43.234075
-19.637772 -43.225627
-19.637880 -43.224640
-19.636837 -43.228236
-19.631502 -43.206318
-19.652862 -43.215701
-19.653660 -43.218386
-19.651926 -43.234066 
-19.632249 -43.229144
-19.628578 -43.226821
-19.627044 -43.231840
-19.622970 -43.232088
-19.623672 -43.227149
-19.612710 -43.221124
-19.613747 -43.222004
-19.611385 -43.220158
-19.614508 -43.232143
-19.633242 -43.213984
-19.655420 -43.207922
-19.652200 -43.206948
-19.650480 -43.204695
-19.656785 -43.236347
-19.657619 -43.237370
-19.641762 -43.221452
-19.640707 -43.226143
-19.622677 -43.218380
-19.616949 -43.214322
-19.634854 -43.203103
-19.618875 -43.228446
-19.647554 -43.232839
-19.634454 -43.208363
-19.653460 -43.231929
-19.652024 -43.216975
-19.621676 -43.230945
-19.620902 -43.221377
-19.638189 -43.236655
-19.636866 -43.208516
-19.621393 -43.223713
-19.615839 -43.224991 
-19.649273 -43.213663 
-19.636537 -43.238638 
-19.641952 -43.230001 
-19.630161 -43.224968
-19.620945 -43.215243
-19.653991 -43.210433
-19.652280 -43.236552
-19.625631 -43.231458
 

