45 3 3
-43.23330518800059 -19.62100677306969
-43.23308257594364 -19.62163097979023
-43.23241603393058 -19.62170655540861
-43.23225747379306 -19.62267955963651
-43.23135713090646 -19.62270446863284
-43.23255567801618 -19.62375401684686
-43.23113617904774 -19.62452099126334
-43.22982005805507 -19.62322517868284
-43.23046171315839 -19.62056230328951
-43.23101296900411 -19.62144594323514
-43.22966939030611 -19.62172266396739
-43.22883412020816 -19.62251077504622
-43.22973159472602 -19.62443550207343
-43.22845649135163 -19.62078635741094
-43.22775202884299 -19.62344137168698
-43.21415066250074 -19.61797197931073
-43.21249262218642 -19.61661523197376
-43.21098337940487 -19.61655739025013
-43.20969381269991 -19.61720323668143
-43.21321073304959 -19.61984981364828
-43.21174495245739 -19.62027173888622
-43.20966052979866 -19.61887420166664
-43.20941296625617 -19.62068582410831
-43.20790416844594 -19.6189595762091
-43.21431889901695 -19.61664055177585
-43.21162747052783 -19.61798222366181
-43.21107195297253 -19.6191497528255
-43.20739989934332 -19.61736235153433
-43.20782820658732 -19.61972009729476
-43.20835670695791 -19.61693261085058
-43.22831641774312 -19.63704106168667
-43.2276817778442 -19.63810800897126
-43.22641524746997 -19.63585514447524
-43.22404060608446 -19.63630382124252
-43.22542045509513 -19.63623773970752
-43.22382653642158 -19.63811681569595
-43.22691111114914 -19.64056354192105
-43.22453030820744 -19.64147432622841
-43.22272605893615 -19.63977717079499
-43.22305782349416 -19.6407712470529
-43.22654714196533 -19.63675931623105
-43.2269495880513 -19.6390913337286
-43.22233102857079 -19.63801450950453
-43.22440914365388 -19.63964977000127
-43.22088909225614 -19.6391764793722
-43.21083008051713 -19.61768248125562
-43.23064000899478 -19.62223916394703
-43.22546376451704 -19.63759714099114
-43.23239948739587 -19.62439136738383
-43.21311642053804 -19.61783766342495
-43.22841582010747 -19.63766489218701