32 8 10
-19.642626 -43.233578
-19.638120 -43.236594
-19.637212 -43.235872
-19.635718 -43.234075
-19.637772 -43.225627
-19.637772 -43.225627
-19.636837 -43.228236
-19.631502 -43.206318
-19.652862 -43.215701
-19.653660 -43.218386
-19.651926 -43.234066 
-19.632249 -43.229144
-19.628578 -43.226821
-19.627044 -43.232840
-19.622970 -43.232088
-19.623672 -43.226149
-19.613747 -43.222004
-19.613747 -43.222004
-19.611385 -43.220158
-19.613718 -43.225284
-19.633242 -43.213984
-19.655420 -43.207922
-19.652200 -43.206948
-19.650480 -43.204695
-19.656785 -43.236347
-19.657619 -43.237370
-19.640762 -43.221452
-19.640707 -43.226143
-19.622677 -43.218380
-19.616949 -43.214322
-19.634854 -43.203103
-19.618875 -43.228446
-19.647554 -43.232839
-19.634454 -43.208363
-19.653460 -43.231929
-19.652024 -43.216975
-19.621676 -43.230945
-19.620902 -43.221377
-19.638189 -43.236655
-19.636866 -43.208516
-19.621393 -43.223713
-19.630011 -43.230385
-19.621118 -43.231914
-19.636359 -43.236407
-19.625335 -43.233065
-19.642015 -43.227891
-19.616285 -43.225153
-19.629402 -43.230009
-19.630229 -43.222708
-19.622598 -43.222212